2500.000000	0.962329
2495.000000	0.96740451
2490.000000	0.96604253
2485.000000	0.95994023
2480.000000	0.96526387
2475.000000	0.96448297
2470.000000	0.96484188
2465.000000	0.96793574
2460.000000	0.96165565
2455.000000	0.96020455
2450.000000	0.9644361
2445.000000	0.96707299
2440.000000	0.96642241
2435.000000	0.96478946
2430.000000	0.96597385
2425.000000	0.96396525
2420.000000	0.96825406
2415.000000	0.96312505
2410.000000	0.96298798
2405.000000	0.96618891
2400.000000	0.96027278
2395.000000	0.96464679
2390.000000	0.96165142
2385.000000	0.96602663
2380.000000	0.96477712
2375.000000	0.96190518
2370.000000	0.96375633
2365.000000	0.96189242
2360.000000	0.96339212
2355.000000	0.96609843
2350.000000	0.96219598
2345.000000	0.96495257
2340.000000	0.96398173
2335.000000	0.96272963
2330.000000	0.96381724
2325.000000	0.96319576
2320.000000	0.96390006
2315.000000	0.96228267
2310.000000	0.96475763
2305.000000	0.96460177
2300.000000	0.96430934
2295.000000	0.96391799
2290.000000	0.96352883
2285.000000	0.96424166
2280.000000	0.96465821
2275.000000	0.9634417
2270.000000	0.96341186
2265.000000	0.96257653
2260.000000	0.96076154
2255.000000	0.96241537
2250.000000	0.96125689
2245.000000	0.96032381
2240.000000	0.96143543
2235.000000	0.96022182
2230.000000	0.96118912
2225.000000	0.95999108
2220.000000	0.95968286
2215.000000	0.96145362
2210.000000	0.96071991
2205.000000	0.95972128
2200.000000	0.95977754
2195.000000	0.95947006
2190.000000	0.95888359
2185.000000	0.95917466
2180.000000	0.95976751
2175.000000	0.95946269
2170.000000	0.95880587
2165.000000	0.95786068
2160.000000	0.95693662
2155.000000	0.95647352
2150.000000	0.95593034
2145.000000	0.95687409
2140.000000	0.95618243
2135.000000	0.95607983
2130.000000	0.95629287
2125.000000	0.95658215
2120.000000	0.95682997
2115.000000	0.955216
2110.000000	0.95564061
2105.000000	0.95500002
2100.000000	0.95527125
2095.000000	0.95542032
2090.000000	0.95465813
2085.000000	0.9540763
2080.000000	0.9543397
2075.000000	0.95518172
2070.000000	0.9548617
2065.000000	0.95398303
2060.000000	0.95479417
2055.000000	0.95436574
2050.000000	0.95422532
2045.000000	0.95421343
2040.000000	0.95393262
2035.000000	0.95462372
2030.000000	0.95446955
2025.000000	0.95412576
2020.000000	0.95343096
2015.000000	0.95358796
2010.000000	0.95328225
2005.000000	0.95387014
2000.000000	0.95477496
1995.000000	0.95499845
1990.000000	0.95424229
1985.000000	0.95367579
1980.000000	0.9537838
1975.000000	0.95306703
1970.000000	0.95385165
1965.000000	0.95411197
1960.000000	0.95245271
1955.000000	0.95293885
1950.000000	0.95251744
1945.000000	0.95200862
1940.000000	0.9532386
1935.000000	0.95203302
1930.000000	0.9515978
1925.000000	0.95147191
1920.000000	0.95060438
1915.000000	0.94972831
1910.000000	0.94924392
1905.000000	0.94923105
1900.000000	0.94751049
1895.000000	0.94836337
1890.000000	0.94937634
1885.000000	0.94809616
1880.000000	0.94732506
1875.000000	0.94668527
1870.000000	0.94575136
1865.000000	0.94485138
1860.000000	0.94455322
1855.000000	0.94495514
1850.000000	0.94491063
1845.000000	0.94360723
1840.000000	0.94287667
1835.000000	0.94318719
1830.000000	0.94302682
1825.000000	0.94327492
1820.000000	0.94299222
1815.000000	0.94287634
1810.000000	0.94289326
1805.000000	0.94338397
1800.000000	0.94365969
1795.000000	0.9434097
1790.000000	0.94332413
1785.000000	0.9422997
1780.000000	0.94250053
1775.000000	0.94302124
1770.000000	0.94275237
1765.000000	0.94212813
1760.000000	0.94180172
1755.000000	0.94203322
1750.000000	0.94068117
1745.000000	0.94040477
1740.000000	0.94103471
1735.000000	0.94144878
1730.000000	0.9407952
1725.000000	0.94018132
1720.000000	0.94090492
1715.000000	0.94074124
1710.000000	0.93909389
1705.000000	0.93773316
1700.000000	0.93808021
1695.000000	0.93870144
1690.000000	0.93760395
1685.000000	0.93697237
1680.000000	0.93629373
1675.000000	0.93556641
1670.000000	0.93521169
1665.000000	0.93458116
1660.000000	0.93379857
1655.000000	0.93357204
1650.000000	0.93408267
1645.000000	0.9329529
1640.000000	0.93246795
1635.000000	0.93248258
1630.000000	0.93212997
1625.000000	0.93170964
1620.000000	0.93142818
1615.000000	0.93118291
1610.000000	0.93097687
1605.000000	0.93126361
1600.000000	0.9313056
1595.000000	0.93134217
1590.000000	0.92969082
1585.000000	0.9279899
1580.000000	0.92962169
1575.000000	0.92992896
1570.000000	0.92902834
1565.000000	0.92809377
1560.000000	0.92777735
1555.000000	0.92676723
1550.000000	0.92563085
1545.000000	0.92518695
1540.000000	0.92494645
1535.000000	0.92471168
1530.000000	0.92430864
1525.000000	0.92379071
1520.000000	0.92308438
1515.000000	0.92239712
1510.000000	0.9218016
1505.000000	0.92131325
1500.000000	0.92128233
1495.000000	0.92031301
1490.000000	0.92017046
1485.000000	0.9191907
1480.000000	0.91914135
1475.000000	0.91873854
1470.000000	0.91861652
1465.000000	0.91767015
1460.000000	0.9168791
1455.000000	0.91654574
1450.000000	0.91571417
1445.000000	0.9151322
1440.000000	0.91507971
1435.000000	0.91426363
1430.000000	0.91331347
1425.000000	0.91269799
1420.000000	0.91156139
1415.000000	0.91101541
1410.000000	0.90931364
1405.000000	0.90832044
1400.000000	0.90764525
1395.000000	0.90695098
1390.000000	0.90596449
1385.000000	0.90520934
1380.000000	0.90417271
1375.000000	0.90361833
1370.000000	0.90282757
1365.000000	0.90159508
1360.000000	0.90033033
1355.000000	0.90012567
1350.000000	0.89910581
1345.000000	0.89934416
1340.000000	0.89870122
1335.000000	0.89735578
1330.000000	0.89680725
1325.000000	0.89617414
1320.000000	0.8952488
1315.000000	0.89441397
1310.000000	0.89422173
1305.000000	0.89283123
1300.000000	0.89288631
1295.000000	0.89234096
1290.000000	0.89121629
1285.000000	0.89012118
1280.000000	0.88862482
1275.000000	0.88719948
1270.000000	0.88565819
1265.000000	0.88465116
1260.000000	0.88350077
1255.000000	0.88276093
1250.000000	0.88168798
1245.000000	0.88161018
1240.000000	0.88088724
1235.000000	0.8798023
1230.000000	0.87839534
1225.000000	0.87806205
1220.000000	0.87638812
1215.000000	0.87333274
1210.000000	0.87222081
1205.000000	0.87084569
1200.000000	0.86964829
1195.000000	0.86992343
1190.000000	0.86843094
1185.000000	0.86651967
1180.000000	0.86530064
1175.000000	0.86362758
1170.000000	0.86240452
1165.000000	0.86049911
1160.000000	0.85926901
1155.000000	0.85751659
1150.000000	0.85579784
1145.000000	0.85423849
1140.000000	0.85249874
1135.000000	0.8507136
1130.000000	0.84911603
1125.000000	0.84725599
1120.000000	0.84553692
1115.000000	0.84374233
1110.000000	0.84198532
1105.000000	0.84002196
1100.000000	0.83806679
1095.000000	0.83593568
1090.000000	0.83453369
1085.000000	0.83177168
1080.000000	0.83020772
1075.000000	0.82804419
1070.000000	0.82587223
1065.000000	0.82360542
1060.000000	0.8215499
1055.000000	0.81892691
1050.000000	0.8167422
1045.000000	0.81416135
1040.000000	0.81195516
1035.000000	0.80901538
1030.000000	0.80682004
1025.000000	0.80433919
1020.000000	0.80152821
1015.000000	0.79876654
1010.000000	0.79630398
1005.000000	0.79345379
1000.000000	0.79033303
995.000000	0.78747145
990.000000	0.78458506
985.000000	0.78132524
980.000000	0.77836209
975.000000	0.77524167
970.000000	0.77192001
965.000000	0.76864296
960.000000	0.7649995
955.000000	0.76170556
950.000000	0.75820894
945.000000	0.75534288
940.000000	0.75202665
935.000000	0.74835042
930.000000	0.74436021
925.000000	0.73918105
920.000000	0.73574593
915.000000	0.73161777
910.000000	0.72707906
905.000000	0.72338368
900.000000	0.71953788
895.000000	0.71416468
890.000000	0.70933281
885.000000	0.70579897
880.000000	0.69937204
875.000000	0.69383733
870.000000	0.68984581
865.000000	0.68632492
860.000000	0.67984401
855.000000	0.66997116
850.000000	0.65713391
845.000000	0.65696623
840.000000	0.64743316
835.000000	0.6415763
830.000000	0.63394118
825.000000	0.62624245
820.000000	0.62151032
815.000000	0.61259057
810.000000	0.60533759
805.000000	0.59777033
800.000000	0.59025787
795.000000	0.58623533
790.000000	0.57887273
785.000000	0.57096699
780.000000	0.56290826
775.000000	0.55816787
770.000000	0.5512676
765.000000	0.54568344
760.000000	0.53571774
755.000000	0.52792951
750.000000	0.5224851
745.000000	0.51584007
740.000000	0.50772336
735.000000	0.50044957
730.000000	0.49286934
725.000000	0.48506008
720.000000	0.4782424
715.000000	0.47080126
710.000000	0.46409947
705.000000	0.45724145
700.000000	0.45014976
695.000000	0.44409682
690.000000	0.43785565
685.000000	0.43152157
680.000000	0.4260912
675.000000	0.42112931
670.000000	0.41616015
665.000000	0.41109106
660.000000	0.40687977
655.000000	0.40279991
650.000000	0.39808466
645.000000	0.39442305
640.000000	0.39051639
635.000000	0.38721111
630.000000	0.38505215
625.000000	0.38279645
620.000000	0.38109116
615.000000	0.38002386
610.000000	0.37894191
605.000000	0.37775342
600.000000	0.37750385
595.000000	0.37803727
590.000000	0.37891291
585.000000	0.38006911
580.000000	0.38146641
575.000000	0.38328644
570.000000	0.38535698
565.000000	0.38711843
560.000000	0.38952962
555.000000	0.39244326
550.000000	0.39608592
545.000000	0.39968417
540.000000	0.40369131
535.000000	0.40761687
530.000000	0.41075997
525.000000	0.41431922
520.000000	0.41855161
515.000000	0.42206995
510.000000	0.42570994
505.000000	0.42930813
500.000000	0.43407715
495.000000	0.44025966
490.000000	0.44632671
485.000000	0.45194167
480.000000	0.45525084
475.000000	0.45716042
470.000000	0.45981476
465.000000	0.46250099
460.000000	0.46494237
455.000000	0.46724856
450.000000	0.47030466
445.000000	0.47334869
440.000000	0.47590767
435.000000	0.47688404
430.000000	0.47747312
425.000000	0.47769586
420.000000	0.47759918
415.000000	0.47688791
410.000000	0.47522127
405.000000	0.47336889
400.000000	0.47183496
395.000000	0.46951327
390.000000	0.46686242
385.000000	0.46361127
380.000000	0.45987653
375.000000	0.45703215
370.000000	0.45557281
365.000000	0.45112279
360.000000	0.44391839
355.000000	0.43584732
350.000000	0.42576777
345.000000	0.41570245
340.000000	0.40367231
335.000000	0.38832349
330.000000	0.36856534
325.000000	0.34732128
320.000000	0.32561855
315.000000	0.30739692
310.000000	0.29282759
305.000000	0.28069779
300.000000	0.27358767